 
                                                                                                    
                                                                                                    
                                                                                                    
                                                                                                    
                                                                                                    
                                                                                                    
                                                                                                    
                                                                                                    
                               00000000                                                             
                                 00000                                                              
                          0    0234444210 0 000000 000000  000000000   000                          
                         000 0255555555541 0000   00   0000000000000000000                          
                          0 035555555555552 0 012222210  0 000000  0  0000                          
                            25555555555555510234444444320 0  0112221100000                          
                         0005555555555555555344333333344410012222222222100                          
                         0 25555555555555555534333333333341232222222222220                          
                          04555555554555555554334333333334422222222222223200000                     
                          05555555552355555554344334433333222222222222222210000                     
                          25555665551254655554334433333333122222222222222220000                     
                          26555553530242665554313342143443222222222222222220000                     
                          26555341510141555565203441034442233312222233223441 00                     
                          365544543001313455631124311244322322022123222245630000                    
                          36553586100126645553410330352542222101211222224553210                     
                          36552575000027725534740130673332234101211232223541231                     
                          265524620110376155348600116851223252002215532234322220 0                  
                          265531311211263155347500005741234264001227532234322222 0                  
               0   00000  26553011100111125632530000252033316401003763222222222200000               
               000 00  00 16554000000011125530210000010143104201103662223222222200000               
               0000010001006554000000000025522100000101224111010001321223222222200000               
               001111001100565520000100015551010000000102411001001010122222222220000                
               0011111111104655741111012575651000101110154000000010012223122223100000               
               0011121121104655423222331255553211111112355210000000001242012321 00000               
               0012121010103655303222311155301133211242122231101110013330 000100                    
               011120110021345540122231115540002333333100024321111133331    0 0                     
                000111110211355401012210155420002222220001133112333233221000000                     
               000000210121125551111110 366332102212310013123112322232002111100                     
               000100113220114551021120055522331121120023201310222111001111110                      
               0010101011100145520100102554112332201223321012202111200012111110                     
               0000101102100035433200234563100123302332102002302111000002111021                     
               0000100102111101112332322132100012333221001001321121000013223121                     
               00   000121122200122433310021000243333200110012310100012332223210                    
               000  00013111210003333333102000233333331011000233222233332101211                     
               0000 00 02112211022344332301001333343323110002434333322211001220                     
                       02223110132334332322103323343223320023433331111110001200                     
                       02111120223334233232013223343222330233343331001100001100                     
                     0011211102323334222232123223353222321323333333111000001000                     
                    000111100023322343223210242223432332033233332232100000010 0                     
                     00210000012332343333210133323433332033223332223100000010 0                     
                    00111000011133334433323113333333333202432333222310000011 000                    
                    00111000110023333333102100333333332013333332233300000010 00                     
                    001121110010012233200021000123321011243234333342000000100 0                     
                     01100000010000012000020000001100000012333333341000000100                       
                    0021000000100000110000200000011000000102333333200000011000                      
                     01100000010000011000020000001100000010002001210000001000                       
                     01100000010000011000020000001100000020001000200000011                          
                    001000000010000011000010000001100000120002001100000010                         